No._material_props:      3
    Shear_modulus:       10000.
    Poissons_ratio:      0.0
    Plane_strain/stress: 0
No._coords_per_node:   2
No._DOF_per_node:      2
No._nodes:            44
Nodal_coords:
    0.0   0.0
    1.0   0.0
    2.0   0.0
    3.0   0.0
    4.0   0.0
    5.0   0.0
    6.0   0.0
    7.0   0.0
    8.0   0.0
    9.0   0.0
   10.0   0.0
   10.0   0.10
    9.0   0.10
    8.0   0.10
    7.0   0.10
    6.0   0.10
    5.0   0.10
    4.0   0.10
    3.0   0.10
    2.0   0.10
    1.0   0.10
    0.0   0.10
    0.0   0.20
    1.0   0.20
    2.0   0.20
    3.0   0.20
    4.0   0.20
    5.0   0.20
    6.0   0.20
    7.0   0.20
    8.0   0.20
    9.0   0.20
    10.0  0.20
    10.0  0.30
     9.0  0.30
     8.0  0.30
     7.0  0.30
     6.0  0.30
     5.0  0.30
     4.0  0.30
     3.0  0.30
     2.0  0.30
     1.0  0.30
     0.0  0.30
No._elements:                       30
Max_no._nodes_on_any_one_element:   4
element_identifier; no._nodes_on_element; connectivity:
    1  4  1 2 21 22
    1  4  2 3 20 21
    1  4  3 4 19 20
    1  4  4 5 18 19
    1  4  5 6 17 18
    1  4  6 7 16 17
    1  4  7 8 15 16
    1  4  8 9 14 15
    1  4 9 10 13 14
    1  4 10 11 12 13
    1  4 13 12 33 32
    1  4 14 13 32 31
    1  4 15 14 31 30
    1  4 16 15 30 29
    1  4 17 16 29 28
    1  4 18 17 28 27
    1  4 19 18 27 26
    1  4 20 19 26 25
    1  4 21 20 25 24
    1  4 22 21 24 23
    1  4 23 24 43 44
    1  4 24 25 42 43
    1  4 25 26 41 42
    1  4 26 27 40 41
    1  4 27 28 39 40
    1  4 28 29 38 39
    1  4 29 30 37 38
    1  4 30 31 36 37
    1  4 31 32 35 36
    1  4 32 33 34 35
No._nodes_with_prescribed_DOFs:  5
Node_#, DOF#, Value:
   11  1  0.0
   11  2  0.0
   12  1  0.0
   33  1  0.0
   34  1  0.0
No._elements_with_prescribed_loads: 3
Element_#, Face_#, Traction_components
  1   4  0.0  -1.0
  20  4  0.0  -1.0
  21  4  0.0  -1.0 
