No._material_props:      3
    Shear_modulus:       1.
    Poissons_ratio:      0.0
    Plane_strain/stress: 1
No._coords_per_node:   2
No._DOF_per_node:      2
No._nodes:            45
Nodal_coords:
0.00	1.00
0.20	0.98
0.38	0.92
0.56	0.83
0.71	0.71
0.83	0.56
0.92	0.38
0.98	0.20
1.00	0.00
0.00	1.75
0.34	1.72
0.67	1.62
0.97	1.46
1.24	1.24
1.46	0.97
1.62	0.67
1.72	0.34
1.75	0.00
0.00	2.50
0.49	2.45
0.96	2.31
1.39	2.08
1.77	1.77
2.08	1.39
2.31	0.96
2.45	0.49
2.50	0.00
0.00	3.25
0.63	3.19
1.24	3.00
1.81	2.70
2.30	2.30
2.70	1.81
3.00	1.24
3.19	0.63
3.25	0.00
0.00	4.00
0.78	3.92
1.53	3.70
2.22	3.33
2.83	2.83
3.33	2.22
3.70	1.53
3.92	0.78
4.00	0.00
No._elements:                       32
Max_no._nodes_on_any_one_element:   4
element_identifier; no._nodes_on_element; connectivity:
1	4	1	2	11	10
1	4	2	3	12	11
1	4	3	4	13	12
1	4	4	5	14	13
1	4	5	6	15	14
1	4	6	7	16	15
1	4	7	8	17	16
1	4	8	9	18	17
1	4	10	11	20	19
1	4	11	12	21	20
1	4	12	13	22	21
1	4	13	14	23	22
1	4	14	15	24	23
1	4	15	16	25	24
1	4	16	17	26	25
1	4	17	18	27	26
1	4	19	20	29	28
1	4	20	21	30	29
1	4	21	22	31	30
1	4	22	23	32	31
1	4	23	24	33	32
1	4	24	25	34	33
1	4	25	26	35	34
1	4	26	27	36	35
1	4	28	29	38	37
1	4	29	30	39	38
1	4	30	31	40	39
1	4	31	32	41	40
1	4	32	33	42	41
1	4	33	34	43	42
1	4	34	35	44	43
1	4	35	36	45	44
No._nodes_with_prescribed_DOFs:  10
Node_#, DOF#, Value:
   1    1  0.0
   10    1  0.0
   19   1  0.0
   28   1  0.0
   37   1  0.0
   9    2  0.0
   18   2  0.0
   27   2  0.0
   36   2  0.0
   45   2  0.0
No._elements_with_prescribed_loads: 8
Element_#, Face_#, Traction_components
1   1   0.09801714	0.995184727
2   1   0.290284677	0.956940336
3   1   0.471396737	0.881921264
4   1   0.634393284	0.773010453
5   1   0.773010453	0.634393284
6   1   0.881921264	0.471396737
7   1   0.956940336	0.290284677
8   1   0.995184727	0.09801714
