No._material_props:      3
    Shear_modulus:       1.
    Poissons_ratio:      0.499
    Plane_strain/stress: 1
No._coords_per_node:   2
No._DOF_per_node:      2
No._nodes:            37
Nodal_coords:
0.00	1.00
0.20	0.98
0.38	0.92
0.56	0.83
0.71	0.71
0.83	0.56
0.92	0.38
0.98	0.20
1.00	0.00
0.00	1.75
0.67	1.62
1.24	1.24
1.62	0.67
1.75	0.00
0.00	2.50
0.49	2.45
0.96	2.31
1.39	2.08
1.77	1.77
2.08	1.39
2.31	0.96
2.45	0.49
2.50	0.00
0.00	3.25
1.24	3.00
2.30	2.30
3.00	1.24
3.25	0.00
0.00	4.00
0.78	3.92
1.53	3.70
2.22	3.33
2.83	2.83
3.33	2.22
3.70	1.53
3.92	0.78
4.00	0.00
No._elements:                       8
Max_no._nodes_on_any_one_element:   8
element_identifier; no._nodes_on_element; connectivity:
1 8  1 	 3	17	15	2	11	16	10
1 8  3	 5	19	17	4	12	18	11
1 8  5	 7	21	19	6	13	20	12
1 8  7	 9	23	21	8	14	22	13
1 8  15	 17	31	29	16	25	30	24
1 8  17	 19	33	31	18	26	32	25
1 8  19	 21	35	33	20	27	34	26
1 8  21	 23	37	35	22	28	36	27
No._nodes_with_prescribed_DOFs:  10
Node_#, DOF#, Value:
   1    1  0.0
   10   1  0.0
   15   1  0.0
   24   1  0.0
   29   1  0.0
   9    2  0.0
   14   2  0.0
   23   2  0.0
   28   2  0.0
   37   2  0.0
No._elements_with_prescribed_loads: 4
Element_#, Face_#, Traction_components
1 1 0.195090322	0.98078528
2 1 0.555570233	0.831469612
3 1 0.831469612	0.555570233
4 1 0.98078528	0.195090322

